Vector[0.10514690302498005, 0.2998237766569464, 0.437882939362272, 0.15714638095580152]
Vector[0.1014377155702782, 0.15526377920243473, 0.6259027440116609, 0.11739576121562632]
Vector[0.04890108304883982, 0.6897421888691342, 0.09784453088962941, 0.16351219719239657]
Vector[0.014742037026146815, 0.026279093755024265, 0.8912518423665737, 0.0677270268522556]
Vector[0.01366563837869634, 0.7245487555934341, 0.11918480718705804, 0.1426007988408116]

Vector[0.31322431152709324, 0.0103982500967554, 0.20741798194464658, 0.4689594564315049]
Vector[0.03465250539241518, 0.48567727837376606, 0.38119051215265515, 0.09847970408116359]
Vector[0.034206637721535205, 0.7964083404152369, 0.07305998127214144, 0.09632504059108646]
Vector[0.5671622432228637, 0.01948389127015349, 0.38543043764369184, 0.027923427863290953]
Vector[0.5168248395261973, 0.04403366182833982, 0.3421100058410466, 0.09703149280441646]

Vector[0.007680910308217008, 0.10335893873800428, 0.7120567462335096, 0.17690340472026908]
Vector[0.214435880093614, 0.02772754247081733, 0.12084497165370532, 0.6369916057818633]
Vector[0.1279975085724808, 0.08129803426173085, 0.33891324804842654, 0.4517912091173618]
Vector[0.4180038142919068, 0.0324870168373581, 0.19713230437079862, 0.35237686449993655]
Vector[0.008218672421507508, 0.5112762200508453, 0.06616358544769561, 0.41434152207995156]

Vector[0.21029925995880858, 0.016694624262388085, 0.3090327582332645, 0.4639733575455387]
Vector[0.13670060335890305, 0.09139303616886382, 0.06598252706622516, 0.705923833406008]
Vector[0.13599889202805618, 0.19417445283538137, 0.2593478927010759, 0.4104787624354866]
Vector[0.0996276640840563, 0.7756600440378396, 0.005766165742465161, 0.11894612613563896]
Vector[0.0428960981354028, 0.08200910690887782, 0.04399775326530615, 0.8310970416904134]

Vector[0.12782578324346336, 0.029678860883285908, 0.06274299200715923, 0.7797523638660915]
Vector[0.004124854463511353, 0.028201245925689906, 0.7123051980092876, 0.2553687016015116]
Vector[0.15798261289946147, 0.12335458541576078, 0.05947671219357212, 0.6591860894912059]
Vector[0.08345521524093596, 0.1480193259888699, 0.6167642995268068, 0.15176115924338726]
Vector[0.34169980363280106, 0.026071516400266673, 0.5283026383135694, 0.10392604165336286]

Vector[0.11044871874008504, 0.2242682848622662, 0.5754135204480131, 0.08986947594963586]
Vector[0.4667199109265954, 0.26672941208897566, 0.18011992245283032, 0.08643075453159874]
Vector[0.009075555596248291, 0.020462407470281198, 0.00400104178815918, 0.9664609951453116]
Vector[0.06581975447286867, 0.2779620829918649, 0.12410968081541773, 0.5321084817198484]
Vector[0.012148167181472307, 0.04725168945442946, 0.7524914519508342, 0.1881086914132641]

Vector[0.07729040468043614, 0.0074144587018091495, 0.12900471669388225, 0.7862904199238727]
Vector[0.17387391858699824, 0.1676818338347773, 0.039359738779726476, 0.6190845087984981]
Vector[0.19209408369898265, 0.2674837421683868, 0.3774712778481128, 0.16295089628451778]
Vector[0.19876778784299878, 0.22667927677005112, 0.31898437458413215, 0.2555685608028179]
Vector[0.29933134336733636, 0.29096762093951184, 0.17782111543156454, 0.23187992026158716]

Vector[0.1010138879246941, 0.07896704440478003, 0.39227607259135255, 0.4277429950791732]
Vector[0.036802896599714516, 0.2226389129364449, 0.5308474418550898, 0.20971074860875086]
Vector[0.09486754344325575, 0.07967936503618327, 0.46698132207251736, 0.35847176944804354]
Vector[0.007955181153426171, 0.2881334156551053, 0.05984175931096335, 0.6440696438805051]
Vector[0.7939509983004749, 0.03300004749299255, 0.04440516501693812, 0.12864378918959438]

Vector[0.3753422562461394, 0.2181434774990186, 0.10015562276478045, 0.3063586434900615]
Vector[0.5743357664895155, 0.14625368545582074, 0.03232108686219509, 0.24708946119246866]
Vector[0.01747110820184429, 0.2592677348971443, 0.487916603553456, 0.2353445533475555]
Vector[0.01852182507768741, 0.40067246311697924, 0.01266043727319411, 0.5681452745321394]
Vector[0.005761279563068499, 0.6838880644361286, 0.16719003497571241, 0.14316062102509025]

Vector[0.10522862051686842, 0.12813553043006792, 0.08568984525355738, 0.6809460037995063]
Vector[0.04008064289057465, 0.006109762343033815, 0.020120569891398064, 0.9336890248749935]
Vector[0.012092709974428502, 0.15069227162026677, 0.39817376822345346, 0.43904125018185125]
Vector[0.4040855150968398, 0.16084067933977517, 0.22766448816384943, 0.20740931739953572]
Vector[0.17868373500787144, 0.4081717779557986, 0.12999078919506002, 0.28315369784127004]

Vector[0.027699304877407828, 0.36532122048356946, 0.5680619976416206, 0.03891747699740242]
Vector[0.06717936408386155, 0.6759012499672927, 0.158677561454604, 0.09824182449424168]
Vector[0.045346087906152084, 0.49606302048468803, 0.08937732920578667, 0.36921356240337316]
Vector[0.012424569645071996, 0.8641288046489726, 0.006868785429340206, 0.11657784027661533]
Vector[0.05880434136755333, 0.028511664762339572, 0.6360545710361513, 0.27662942283395564]

Vector[0.01551853330904886, 0.37464178823273786, 0.037924018064384064, 0.5719156603938291]
Vector[0.23211023392118846, 0.5807730251470843, 0.016413209046744367, 0.17070353188498286]
Vector[0.32028118154661456, 0.025823489699975267, 0.39431612656069487, 0.25957920219271513]
Vector[0.3074188853994051, 0.06596028829525417, 0.5775522477279522, 0.04906857857738844]
Vector[0.4266920317986398, 0.3504130145486043, 0.11402750884151593, 0.10886744481123987]

Vector[0.16923045141389623, 0.2871207263298296, 0.5094973429461093, 0.034151479310164795]
Vector[0.01982978619507287, 0.08011624979946963, 0.02100584630141279, 0.8790481177040447]
Vector[0.044617139747285456, 0.03169247717281012, 0.7790541913215765, 0.14463619175832793]
Vector[0.2672587941515081, 0.08450372531832666, 0.20683505715883327, 0.44140242337133206]
Vector[0.0007648638093836193, 0.7806734876496344, 0.008726380296110588, 0.2098352682448713]

Vector[0.44021805359538324, 0.12893759344672212, 0.14473648224978658, 0.28610787070810806]
Vector[0.4093968805045477, 0.04379626383041171, 0.022671023058313602, 0.524135832606727]
Vector[0.08853327272389623, 0.7393397899310366, 0.07328438159778147, 0.09884255574728579]
Vector[0.055692537338731904, 0.8102331176657389, 0.019981744213759617, 0.11409260078176967]
Vector[0.21653587649088626, 0.03467481429277589, 0.10257759228033154, 0.6462117169360063]

Vector[0.6223438924332747, 0.05315239177297387, 0.022071904597335514, 0.30243181119641577]
Vector[0.8444778076060295, 0.02191268366285273, 0.056054156971090036, 0.07755535176002762]
Vector[0.043431668425411823, 0.23235474159878708, 0.30888054475590215, 0.4153330452198989]
Vector[0.22986015839406748, 0.16208432883530352, 0.06962269808360871, 0.5384328146870203]
Vector[0.3163930785737943, 0.25792701520167755, 0.3647426458399407, 0.060937260384587424]

Vector[0.01141319060063949, 0.6190178643751413, 0.015310439123279703, 0.35425850590093977]
Vector[0.32839374791142806, 0.14227159956938065, 0.4257194244736261, 0.10361522804556533]
Vector[0.021726774896115266, 0.061835558452079005, 0.7536509813552501, 0.16278668529655568]
Vector[0.5941354959288944, 0.016829917392316613, 0.17973397222684012, 0.20930061445194886]
Vector[0.3940390491909946, 0.3619354338523067, 0.1280271304586892, 0.11599838649800943]

Vector[0.22698345374784884, 0.09526624123775172, 0.544860125799011, 0.13289017921538848]
Vector[0.027913676440092235, 0.5883455287648924, 0.34459620608176517, 0.03914458871325026]
Vector[0.052608852793687065, 0.04713209890200789, 0.033249602261552616, 0.8670094460427525]
Vector[0.08174857577318441, 0.10433945045816076, 0.336846705948441, 0.4770652678202138]
Vector[0.37052091221402156, 0.0530314441792761, 0.31091944215368195, 0.26552820145302075]

Vector[0.22661449393714186, 0.1765254075021166, 0.312821119567449, 0.2840389789932926]
Vector[0.10067022352336528, 0.7140066420478413, 0.033344610380382576, 0.15197852404841086]
Vector[0.01565832892949454, 0.0394630792112136, 0.029320568254478027, 0.9155580236048139]
Vector[0.8038531255997458, 0.022507367375137803, 0.08555124095079766, 0.0880882660743189]
Vector[0.6330442685564577, 0.05768775942164988, 0.17405167868763016, 0.13521629333426208]

Vector[0.06736465343311426, 0.0003058297992757258, 0.9290901893816907, 0.003239327385919211]
Vector[0.04343839155409317, 0.008506205057672423, 0.9013812036735755, 0.046674199714658644]
Vector[0.10529752877290617, 0.8495046055679073, 0.012617069997106723, 0.032580795662079824]
Vector[0.019856676901254835, 0.2653647067055497, 0.050019334061772, 0.6647592823314237]
Vector[0.06452698373948536, 0.578180301667827, 0.24634328865099242, 0.11094942594169524]

Vector[0.2216251174153861, 0.09242011521458951, 0.14378077551706167, 0.5421739918529627]
Vector[0.31562433265663703, 0.13586831934355664, 0.507090542957437, 0.04141680504236939]
Vector[0.046928194039584085, 0.08776826955215279, 0.34424438879993496, 0.5210591476083282]
Vector[0.0883393537513252, 0.5116091622231704, 0.04296492198956342, 0.3570865620359413]
Vector[0.23429915789026604, 0.19616211283306453, 0.23414880326929893, 0.33538992600737055]

Vector[0.13471306599983288, 0.06154470929982854, 0.24389662393426081, 0.5598456007660776]
