[[:normalize_mean_x, Vector[75.12037974683545, 178.73658227848102, 7.946962025316457, 8.320506329113925, 2.1937974683544303, 0.07810126582278482, 1.2405063291139242, 0.1258227848101266, 5741.608734177215, 13350.194430379748, 32715.844683544306, 163.51708860759496, 384.04518987341777, 6.564683544303798, 12.950886075949368, 93.3379746835443, 219.5407594936709, 9.256708860759494, 23.20886075949367, 6.602151898734178, 0.10037974683544304, 2.4817721518987343, 0.17012658227848101, 74.93632911392406, 178.3407594936709, 7.157594936708861, 7.5789873417721525, 2.2040506329113927, 0.0769620253164557, 1.2224050632911394, 0.1260759493670886, 5714.648227848102, 13283.02594936709, 32611.31189873418, 163.8186075949367, 384.6430379746836, 6.464810126582279, 12.762025316455697, 91.6440506329114, 215.89493670886077, 9.270759493670887, 23.190379746835443, 6.741772151898735, 0.10405063291139241, 2.4203797468354433, 0.1681012658227848, 75.0379746835443, 178.4627848101266, 6.1674683544303806, 6.624050632911393, 2.188607594936709, 0.07354430379746836, 1.259367088607595, 0.12658227848101267, 5730.41164556962, 13314.621518987342, 32654.550126582282, 162.87974683544306, 382.4748101265823, 6.176582278481013, 12.196708860759495, 94.53924050632912, 222.193417721519, 9.370632911392406, 23.281392405063293, 6.628860759493671, 0.09632911392405064, 2.5239240506329117, 0.169873417721519, 75.10531645569621, 178.65987341772154, 4.6234177215189876, 5.069367088607596, 2.178860759493671, 0.07316455696202533, 1.2487341772151899, 0.12645569620253166, 5741.531392405063, 13338.358101265823, 32707.29329113924, 162.08227848101268, 382.06050632911393, 6.136708860759494, 12.133417721518988, 93.71531645569621, 221.50759493670887, 9.311898734177216, 23.377215189873418, 6.569240506329114, 0.09164556962025316, 2.50620253164557, 0.1669620253164557]], [:scale_x, Vector[9.926594625975875, 27.732270713955185, 4.502246655606997, 4.640117823344069, 1.3376862735992048, 0.30705038529907747, 0.9710387218474212, 0.39280428854722543, 1452.449986049228, 2408.098720519227, 9332.340832148982, 99.47068310103698, 239.5455525684887, 25.925828836303864, 50.92867554615608, 74.44887941756492, 173.83819840512248, 29.472375812000962, 71.44197555257105, 6.947110895884266, 0.49214061754534755, 3.2325162670030414, 0.7373704454685073, 9.959658968948732, 28.3881207894217, 4.455785519458472, 4.654380159669792, 1.3725643735219226, 0.3132530599540787, 0.9623438097040203, 0.3901360286028311, 1451.6901131041275, 2426.920059801828, 9533.85128287548, 101.65206048375535, 245.53689953611652, 26.444676469405294, 51.95983917447559, 73.41167867492709, 173.28317162754482, 29.207875315327577, 70.79502920837828, 7.310450428466934, 0.5234344203173692, 3.1083578403051533, 0.6818405395624046, 9.985689808990886, 28.382821642619554, 4.282957681575017, 4.55130292069391, 1.3560448203798046, 0.3015300139339278, 0.9684619697049792, 0.3922376122914219, 1462.080871948422, 2453.3340149486803, 9502.641843853155, 100.43938140313789, 241.6132802922274, 25.432598108470554, 50.01830337698962, 74.00224495007434, 173.1092946841377, 29.491472242707196, 71.12822924500155, 7.138093740378774, 0.491921258531682, 3.2491182514573467, 0.7131699491579405, 10.036076548870462, 28.07032100819226, 3.5942758239911594, 3.9962005188386485, 1.3497430485347401, 0.29375588032377864, 0.9730701343172438, 0.3885498452121627, 1465.3237851558986, 2427.808076161504, 9432.843483259694, 100.02243705187375, 243.41091970709866, 24.774426265068065, 48.72604036691286, 74.33961816351578, 176.59356918215857, 29.176979571251646, 70.9117778676183, 7.104902260554242, 0.4558548247134353, 3.2619535979896135, 0.6574574240060412]]]


[175: 1.108464268380358]
Vector[0.2577255887600448, 0.2549279760240626, 0.2182494288643546, -0.5440659208694428, -0.13327313571668242, 0.10617116904332125, -0.29009878216291496, -0.11450229511193905, -0.043378579857531144, 0.9058468556038053, -0.007533475596091227, -0.12765383064400052, 0.3499318064982804, -0.06943055596522955, 0.1404815596525562, 0.12080787750689442, -0.4160849144975839, 0.1214423865412487, 0.10601723901318648, -0.31424357078556076, 0.03514511323679014, 0.04098199624476065, -0.028414327652957632, 0.0684194828922528]

--

[450: 1.1053532873549143]
Vector[-0.07357259513452281, 0.3264154727242158, -0.3399585243447056, -0.2045979479397543, -0.3082414508565614, 0.3595086419655472, 0.23619653244789, 0.08298642192131572, 0.5033743007370693, 1.4589596438532761, -0.40862479311021144, 0.6670868298651341, -0.037588939136058895, 0.19438755754978126, -0.016837602031763845, -0.24303839132951763, -0.8105012455498966, 0.2727822097002223, -0.3265556732616464, -0.43632674442398595, -0.02769355181441086, 0.042040564794474634, -0.030273402532973843, 0.08391593388380167]

[750: 1.1045250442569141]
Vector[-0.07357259513452283, 0.16640210923540916, -0.33948207707494016, -0.20516755074820003, -0.2628081263613953, 0.4865378951694315, 0.18932183555006651, 0.22175002907184552, 0.6051881778513863, 1.9011465151200202, -0.6702372506537936, 0.8911794003765428, -0.05652529195700643, 0.12166399167475266, 0.08166443619203831, -0.2927664895666969, -1.0319522543469832, 0.34045349516442475, -0.2818437720301512, -0.5765777417460709, -0.047870358795804945, 0.03792650937989866, -0.025188705527783854, 0.07433391332693785]

[1000: 1.1042184322148703]
Vector[-0.07357259513452283, 0.0471735953694774, -0.3084823498288783, -0.20848966063582705, -0.24050208837493176, 0.5546748000059569, 0.1592115978830902, 0.3162208092145056, 0.6874588566464949, 2.1449386840474984, -0.7885298463042837, 0.9665661749992158, -0.06798077332664032, 0.08047653630736294, 0.14602948125054632, -0.3258734858643329, -1.1371897811553597, 0.34517703571537045, -0.23493813734226524, -0.6994483570335441, -0.05706281250598921, 0.03557878624561915, -0.024208263974604356, 0.06481856908830803]
